- Ixx: 0.11992460413397663
- Ixy: -0.0003874147055288808
- Ixz: -0.0010433609084504103
- Iyx: -0.0003874147055288808
- Iyy: 0.166674193547969
- Iyz: 5.801017755136157e-06
- Izx: -0.0010433609084504103
- Izy: 5.801017755136157e-06
- Izz: 0.13146695921570564
