- Ixx: 0.030306449957547884
- Ixy: 1.072426321555889e-05
- Ixz: -0.00014279073163651085
- Iyx: 1.072426321555889e-05
- Iyy: 0.12379931339288847
- Iyz: -3.246340057170253e-05
- Izx: -0.00014279073163651085
- Izy: -3.246340057170253e-05
- Izz: 0.10389662240674541
