- Ixx: 0.42841402690275543
- Ixy: -2.3739880576999187e-05
- Ixz: 0.002270125529662742
- Iyx: -2.3739880576999187e-05
- Iyy: 0.43178552652433605
- Iyz: 1.4639039381123589e-06
- Izx: 0.002270125529662742
- Izy: 1.4639039381123589e-06
- Izz: 0.08742236845118756
