- Ixx: 0.1091705128771357
- Ixy: 1.3005891419109714e-05
- Ixz: -0.010206158742050497
- Iyx: 1.3005891419109714e-05
- Iyy: 0.15687087062172675
- Iyz: 3.448159780142548e-06
- Izx: -0.010206158742050497
- Izy: 3.448159780142548e-06
- Izz: 0.09145599795647005
