- Ixx: 0.3763353352994628
- Ixy: -5.2759815315496195e-05
- Ixz: -8.137395703384719e-05
- Iyx: -5.2759815315496195e-05
- Iyy: 0.38276920991912167
- Iyz: -0.0013658166056226813
- Izx: -8.137395703384719e-05
- Izy: -0.0013658166056226813
- Izz: 0.03977567112448525
