- Ixx: 0.31319098789999705
- Ixy: -1.5919258834517816e-05
- Ixz: 0.000397716258178743
- Iyx: -1.5919258834517816e-05
- Iyy: 0.31405759232699515
- Iyz: -0.0006085692606387286
- Izx: 0.000397716258178743
- Izy: -0.0006085692606387286
- Izz: 0.024587290412489488
