- Ixx: 0.2831626409659687
- Ixy: 0.0003476402366033566
- Ixz: 0.001493193137304932
- Iyx: 0.0003476402366033566
- Iyy: 0.2842900070090552
- Iyz: 0.0005953060056520668
- Izx: 0.001493193137304932
- Izy: 0.0005953060056520668
- Izz: 0.027746583196527338
